-475 -475 50 0
-425 -475 50 0
-375 -475 50 0
-325 -475 50 0
-275 -475 50 0
-225 -475 50 0
-175 -475 50 0
-125 -475 50 0
-75 -475 50 0
-25 -475 50 0
25 -475 50 0
75 -475 50 0
125 -475 50 0
175 -475 50 0
225 -475 50 0
275 -475 50 0
325 -475 50 0
375 -475 50 0
425 -475 50 0
475 -475 50 0
-475 -425 50 0
-425 -425 50 0
-375 -425 50 0
-325 -425 50 0
-275 -425 50 0
-225 -425 50 0
-175 -425 50 0
-125 -425 50 0
-75 -425 50 0
-25 -425 50 0
25 -425 50 0
75 -425 50 0
125 -425 50 0
175 -425 50 0
225 -425 50 0
275 -425 50 0
325 -425 50 0
375 -425 50 0
425 -425 50 0
475 -425 50 0
-475 -375 50 0
-425 -375 50 0
-375 -375 50 0
-325 -375 50 0
-275 -375 50 0
-225 -375 50 0
-175 -375 50 0
-125 -375 50 0
-75 -375 50 0
-25 -375 50 0
25 -375 50 0
75 -375 50 0
125 -375 50 0
175 -375 50 0
225 -375 50 0
275 -375 50 0
325 -375 50 0
375 -375 50 0
425 -375 50 0
475 -375 50 0
-475 -325 50 0
-425 -325 50 0
-375 -325 50 0
-325 -325 50 0
-275 -325 50 0
-225 -325 50 0
-175 -325 50 0
-125 -325 50 0
-75 -325 50 0
-25 -325 50 0
25 -325 50 0
75 -325 50 0
125 -325 50 0
175 -325 50 0
225 -325 50 0
275 -325 50 0
325 -325 50 0
375 -325 50 0
425 -325 50 0
475 -325 50 0
-475 -275 50 0
-425 -275 50 0
-375 -275 50 0
-325 -275 50 0
-275 -275 50 0
-225 -275 50 0
-175 -275 50 0
-125 -275 50 0
-75 -275 50 0
-25 -275 50 0
25 -275 50 0
75 -275 50 0
125 -275 50 0
175 -275 50 0
225 -275 50 0
275 -275 50 0
325 -275 50 0
375 -275 50 0
425 -275 50 0
475 -275 50 0
-475 -225 50 0
-425 -225 50 0
-375 -225 50 0
-325 -225 50 0
-275 -225 50 0
-225 -225 50 0
-175 -225 50 0
-125 -225 50 0
-75 -225 50 0
-25 -225 50 0
25 -225 50 0
75 -225 50 0
125 -225 50 0
175 -225 50 0
225 -225 50 0
275 -225 50 0
325 -225 50 0
375 -225 50 0
425 -225 50 0
475 -225 50 0
-475 -175 50 0
-425 -175 50 0
-375 -175 50 0
-325 -175 50 0
-275 -175 50 0
-225 -175 50 0
-175 -175 50 0
-125 -175 50 0
-75 -175 50 0
-25 -175 50 0
25 -175 50 0
75 -175 50 0
125 -175 50 0
175 -175 50 0
225 -175 50 0
275 -175 50 0
325 -175 50 0
375 -175 50 0
425 -175 50 0
475 -175 50 0
-475 -125 50 0
-425 -125 50 0
-375 -125 50 0
-325 -125 50 0
-275 -125 50 0
-225 -125 50 0
-175 -125 50 0
-125 -125 50 0
-75 -125 50 0
-25 -125 50 0
25 -125 50 0
75 -125 50 0
125 -125 50 0
175 -125 50 0
225 -125 50 0
275 -125 50 0
325 -125 50 0
375 -125 50 0
425 -125 50 0
475 -125 50 0
-475 -75 50 0
-425 -75 50 0
-375 -75 50 0
-325 -75 50 0
-275 -75 50 0
-225 -75 50 0
-175 -75 50 0
-125 -75 50 0
-75 -75 50 0
-25 -75 50 0
25 -75 50 0
75 -75 50 0
125 -75 50 0
175 -75 50 0
225 -75 50 0
275 -75 50 0
325 -75 50 0
375 -75 50 0
425 -75 50 0
475 -75 50 0
-475 -25 50 0
-425 -25 50 0
-375 -25 50 0
-325 -25 50 0
-275 -25 50 0
-225 -25 50 0
-175 -25 50 0
-125 -25 50 0
-75 -25 50 0
-25 -25 50 0
25 -25 50 0
75 -25 50 0
125 -25 50 0
175 -25 50 0
225 -25 50 0
275 -25 50 0
325 -25 50 0
375 -25 50 0
425 -25 50 0
475 -25 50 0
-475 25 50 0
-425 25 50 0
-375 25 50 0
-325 25 50 0
-275 25 50 0
-225 25 50 0
-175 25 50 0
-125 25 50 0
-75 25 50 0
-25 25 50 0
25 25 50 0
75 25 50 0
125 25 50 0
175 25 50 0
225 25 50 0
275 25 50 0
325 25 50 0
375 25 50 0
425 25 50 0
475 25 50 0
-475 75 50 0
-425 75 50 0
-375 75 50 0
-325 75 50 0
-275 75 50 0
-225 75 50 0
-175 75 50 0
-125 75 50 0
-75 75 50 0
-25 75 50 0
25 75 50 0
75 75 50 0
125 75 50 0
175 75 50 0
225 75 50 0
275 75 50 0
325 75 50 0
375 75 50 0
425 75 50 0
475 75 50 0
-475 125 50 0
-425 125 50 0
-375 125 50 0
-325 125 50 0
-275 125 50 0
-225 125 50 0
-175 125 50 0
-125 125 50 0
-75 125 50 0
-25 125 50 0
25 125 50 0
75 125 50 0
125 125 50 0
175 125 50 0
225 125 50 0
275 125 50 0
325 125 50 0
375 125 50 0
425 125 50 0
475 125 50 0
-475 175 50 0
-425 175 50 0
-375 175 50 0
-325 175 50 0
-275 175 50 0
-225 175 50 0
-175 175 50 0
-125 175 50 0
-75 175 50 0
-25 175 50 0
25 175 50 0
75 175 50 0
125 175 50 0
175 175 50 0
225 175 50 0
275 175 50 0
325 175 50 0
375 175 50 0
425 175 50 0
475 175 50 0
-475 225 50 0
-425 225 50 0
-375 225 50 0
-325 225 50 0
-275 225 50 0
-225 225 50 0
-175 225 50 0
-125 225 50 0
-75 225 50 0
-25 225 50 0
25 225 50 0
75 225 50 0
125 225 50 0
175 225 50 0
225 225 50 0
275 225 50 0
325 225 50 0
375 225 50 0
425 225 50 0
475 225 50 0
-475 275 50 0
-425 275 50 0
-375 275 50 0
-325 275 50 0
-275 275 50 0
-225 275 50 0
-175 275 50 0
-125 275 50 0
-75 275 50 0
-25 275 50 0
25 275 50 0
75 275 50 0
125 275 50 0
175 275 50 0
225 275 50 0
275 275 50 0
325 275 50 0
375 275 50 0
425 275 50 0
475 275 50 0
-475 325 50 0
-425 325 50 0
-375 325 50 0
-325 325 50 0
-275 325 50 0
-225 325 50 0
-175 325 50 0
-125 325 50 0
-75 325 50 0
-25 325 50 0
25 325 50 0
75 325 50 0
125 325 50 0
175 325 50 0
225 325 50 0
275 325 50 0
325 325 50 0
375 325 50 0
425 325 50 0
475 325 50 0
-475 375 50 0
-425 375 50 0
-375 375 50 0
-325 375 50 0
-275 375 50 0
-225 375 50 0
-175 375 50 0
-125 375 50 0
-75 375 50 0
-25 375 50 0
25 375 50 0
75 375 50 0
125 375 50 0
175 375 50 0
225 375 50 0
275 375 50 0
325 375 50 0
375 375 50 0
425 375 50 0
475 375 50 0
-475 425 50 0
-425 425 50 0
-375 425 50 0
-325 425 50 0
-275 425 50 0
-225 425 50 0
-175 425 50 0
-125 425 50 0
-75 425 50 0
-25 425 50 0
25 425 50 0
75 425 50 0
125 425 50 0
175 425 50 0
225 425 50 0
275 425 50 0
325 425 50 0
375 425 50 0
425 425 50 0
475 425 50 0
-475 475 50 0
-425 475 50 0
-375 475 50 0
-325 475 50 0
-275 475 50 0
-225 475 50 0
-175 475 50 0
-125 475 50 0
-75 475 50 0
-25 475 50 0
25 475 50 0
75 475 50 0
125 475 50 0
175 475 50 0
225 475 50 0
275 475 50 0
325 475 50 0
375 475 50 0
425 475 50 0
475 475 50 0
-475 -475 100 0
-425 -475 100 0
-375 -475 100 0
-325 -475 100 0
-275 -475 100 0
-225 -475 100 0
-175 -475 100 0
-125 -475 100 0
-75 -475 100 0
-25 -475 100 0
25 -475 100 0
75 -475 100 0
125 -475 100 0
175 -475 100 0
225 -475 100 0
275 -475 100 0
325 -475 100 0
375 -475 100 0
425 -475 100 0
475 -475 100 0
-475 -425 100 0
-425 -425 100 0
-375 -425 100 0
-325 -425 100 0
-275 -425 100 0
-225 -425 100 0
-175 -425 100 0
-125 -425 100 0
-75 -425 100 0
-25 -425 100 0
25 -425 100 0
75 -425 100 0
125 -425 100 0
175 -425 100 0
225 -425 100 0
275 -425 100 0
325 -425 100 0
375 -425 100 0
425 -425 100 0
475 -425 100 0
-475 -375 100 0
-425 -375 100 0
-375 -375 100 0
-325 -375 100 0
-275 -375 100 0
-225 -375 100 0
-175 -375 100 0
-125 -375 100 0
-75 -375 100 0
-25 -375 100 0
25 -375 100 0
75 -375 100 0
125 -375 100 0
175 -375 100 0
225 -375 100 0
275 -375 100 0
325 -375 100 0
375 -375 100 0
425 -375 100 0
475 -375 100 0
-475 -325 100 0
-425 -325 100 0
-375 -325 100 0
-325 -325 100 0
-275 -325 100 0
-225 -325 100 0
-175 -325 100 0
-125 -325 100 0
-75 -325 100 0
-25 -325 100 0
25 -325 100 0
75 -325 100 0
125 -325 100 0
175 -325 100 0
225 -325 100 0
275 -325 100 0
325 -325 100 0
375 -325 100 0
425 -325 100 0
475 -325 100 0
-475 -275 100 0
-425 -275 100 0
-375 -275 100 0
-325 -275 100 0
-275 -275 100 0
-225 -275 100 0
-175 -275 100 0
-125 -275 100 0
-75 -275 100 0
-25 -275 100 0
25 -275 100 0
75 -275 100 0
125 -275 100 0
175 -275 100 0
225 -275 100 0
275 -275 100 0
325 -275 100 0
375 -275 100 0
425 -275 100 0
475 -275 100 0
-475 -225 100 0
-425 -225 100 0
-375 -225 100 0
-325 -225 100 0
-275 -225 100 0
-225 -225 100 0
-175 -225 100 0
-125 -225 100 0
-75 -225 100 0
-25 -225 100 0
25 -225 100 0
75 -225 100 0
125 -225 100 0
175 -225 100 0
225 -225 100 0
275 -225 100 0
325 -225 100 0
375 -225 100 0
425 -225 100 0
475 -225 100 0
-475 -175 100 0
-425 -175 100 0
-375 -175 100 0
-325 -175 100 0
-275 -175 100 0
-225 -175 100 0
-175 -175 100 0
-125 -175 100 0
-75 -175 100 0
-25 -175 100 0
25 -175 100 0
75 -175 100 0
125 -175 100 0
175 -175 100 0
225 -175 100 0
275 -175 100 0
325 -175 100 0
375 -175 100 0
425 -175 100 0
475 -175 100 0
-475 -125 100 0
-425 -125 100 0
-375 -125 100 0
-325 -125 100 0
-275 -125 100 0
-225 -125 100 0
-175 -125 100 0
-125 -125 100 0
-75 -125 100 0
-25 -125 100 0
25 -125 100 0
75 -125 100 0
125 -125 100 0
175 -125 100 0
225 -125 100 0
275 -125 100 0
325 -125 100 0
375 -125 100 0
425 -125 100 0
475 -125 100 0
-475 -75 100 0
-425 -75 100 0
-375 -75 100 0
-325 -75 100 0
-275 -75 100 0
-225 -75 100 0
-175 -75 100 0
-125 -75 100 0
-75 -75 100 0
-25 -75 100 0
25 -75 100 0
75 -75 100 0
125 -75 100 0
175 -75 100 0
225 -75 100 0
275 -75 100 0
325 -75 100 0
375 -75 100 0
425 -75 100 0
475 -75 100 0
-475 -25 100 0
-425 -25 100 0
-375 -25 100 0
-325 -25 100 0
-275 -25 100 0
-225 -25 100 0
-175 -25 100 0
-125 -25 100 0
-75 -25 100 0
-25 -25 100 0
25 -25 100 0
75 -25 100 0
125 -25 100 0
175 -25 100 0
225 -25 100 0
275 -25 100 0
325 -25 100 0
375 -25 100 0
425 -25 100 0
475 -25 100 0
-475 25 100 0
-425 25 100 0
-375 25 100 0
-325 25 100 0
-275 25 100 0
-225 25 100 0
-175 25 100 0
-125 25 100 0
-75 25 100 0
-25 25 100 0
25 25 100 0
75 25 100 0
125 25 100 0
175 25 100 0
225 25 100 0
275 25 100 0
325 25 100 0
375 25 100 0
425 25 100 0
475 25 100 0
-475 75 100 0
-425 75 100 0
-375 75 100 0
-325 75 100 0
-275 75 100 0
-225 75 100 0
-175 75 100 0
-125 75 100 0
-75 75 100 0
-25 75 100 0
25 75 100 0
75 75 100 0
125 75 100 0
175 75 100 0
225 75 100 0
275 75 100 0
325 75 100 0
375 75 100 0
425 75 100 0
475 75 100 0
-475 125 100 0
-425 125 100 0
-375 125 100 0
-325 125 100 0
-275 125 100 0
-225 125 100 0
-175 125 100 0
-125 125 100 0
-75 125 100 0
-25 125 100 0
25 125 100 0
75 125 100 0
125 125 100 0
175 125 100 0
225 125 100 0
275 125 100 0
325 125 100 0
375 125 100 0
425 125 100 0
475 125 100 0
-475 175 100 0
-425 175 100 0
-375 175 100 0
-325 175 100 0
-275 175 100 0
-225 175 100 0
-175 175 100 0
-125 175 100 0
-75 175 100 0
-25 175 100 0
25 175 100 0
75 175 100 0
125 175 100 0
175 175 100 0
225 175 100 0
275 175 100 0
325 175 100 0
375 175 100 0
425 175 100 0
475 175 100 0
-475 225 100 0
-425 225 100 0
-375 225 100 0
-325 225 100 0
-275 225 100 0
-225 225 100 0
-175 225 100 0
-125 225 100 0
-75 225 100 0
-25 225 100 0
25 225 100 0
75 225 100 0
125 225 100 0
175 225 100 0
225 225 100 0
275 225 100 0
325 225 100 0
375 225 100 0
425 225 100 0
475 225 100 0
-475 275 100 0
-425 275 100 0
-375 275 100 0
-325 275 100 0
-275 275 100 0
-225 275 100 0
-175 275 100 0
-125 275 100 0
-75 275 100 0
-25 275 100 0
25 275 100 0
75 275 100 0
125 275 100 0
175 275 100 0
225 275 100 0
275 275 100 0
325 275 100 0
375 275 100 0
425 275 100 0
475 275 100 0
-475 325 100 0
-425 325 100 0
-375 325 100 0
-325 325 100 0
-275 325 100 0
-225 325 100 0
-175 325 100 0
-125 325 100 0
-75 325 100 0
-25 325 100 0
25 325 100 0
75 325 100 0
125 325 100 0
175 325 100 0
225 325 100 0
275 325 100 0
325 325 100 0
375 325 100 0
425 325 100 0
475 325 100 0
-475 375 100 0
-425 375 100 0
-375 375 100 0
-325 375 100 0
-275 375 100 0
-225 375 100 0
-175 375 100 0
-125 375 100 0
-75 375 100 0
-25 375 100 0
25 375 100 0
75 375 100 0
125 375 100 0
175 375 100 0
225 375 100 0
275 375 100 0
325 375 100 0
375 375 100 0
425 375 100 0
475 375 100 0
-475 425 100 0
-425 425 100 0
-375 425 100 0
-325 425 100 0
-275 425 100 0
-225 425 100 0
-175 425 100 0
-125 425 100 0
-75 425 100 0
-25 425 100 0
25 425 100 0
75 425 100 0
125 425 100 0
175 425 100 0
225 425 100 0
275 425 100 0
325 425 100 0
375 425 100 0
425 425 100 0
475 425 100 0
-475 475 100 0
-425 475 100 0
-375 475 100 0
-325 475 100 0
-275 475 100 0
-225 475 100 0
-175 475 100 0
-125 475 100 0
-75 475 100 0
-25 475 100 0
25 475 100 0
75 475 100 0
125 475 100 0
175 475 100 0
225 475 100 0
275 475 100 0
325 475 100 0
375 475 100 0
425 475 100 0
475 475 100 0
-475 -475 150 0
-425 -475 150 0
-375 -475 150 0
-325 -475 150 0
-275 -475 150 0
-225 -475 150 0
-175 -475 150 0
-125 -475 150 0
-75 -475 150 0
-25 -475 150 0
25 -475 150 0
75 -475 150 0
125 -475 150 0
175 -475 150 0
225 -475 150 0
275 -475 150 0
325 -475 150 0
375 -475 150 0
425 -475 150 0
475 -475 150 0
-475 -425 150 0
-425 -425 150 0
-375 -425 150 0
-325 -425 150 0
-275 -425 150 0
-225 -425 150 0
-175 -425 150 0
-125 -425 150 0
-75 -425 150 0
-25 -425 150 0
25 -425 150 0
75 -425 150 0
125 -425 150 0
175 -425 150 0
225 -425 150 0
275 -425 150 0
325 -425 150 0
375 -425 150 0
425 -425 150 0
475 -425 150 0
-475 -375 150 0
-425 -375 150 0
-375 -375 150 0
-325 -375 150 0
-275 -375 150 0
-225 -375 150 0
-175 -375 150 0
-125 -375 150 0
-75 -375 150 0
-25 -375 150 0
25 -375 150 0
75 -375 150 0
125 -375 150 0
175 -375 150 0
225 -375 150 0
275 -375 150 0
325 -375 150 0
375 -375 150 0
425 -375 150 0
475 -375 150 0
-475 -325 150 0
-425 -325 150 0
-375 -325 150 0
-325 -325 150 0
-275 -325 150 0
-225 -325 150 0
-175 -325 150 0
-125 -325 150 0
-75 -325 150 0
-25 -325 150 0
25 -325 150 0
75 -325 150 0
125 -325 150 0
175 -325 150 0
225 -325 150 0
275 -325 150 0
325 -325 150 0
375 -325 150 0
425 -325 150 0
475 -325 150 0
-475 -275 150 0
-425 -275 150 0
-375 -275 150 0
-325 -275 150 0
-275 -275 150 0
-225 -275 150 0
-175 -275 150 0
-125 -275 150 0
-75 -275 150 0
-25 -275 150 0
25 -275 150 0
75 -275 150 0
125 -275 150 0
175 -275 150 0
225 -275 150 0
275 -275 150 0
325 -275 150 0
375 -275 150 0
425 -275 150 0
475 -275 150 0
-475 -225 150 0
-425 -225 150 0
-375 -225 150 0
-325 -225 150 0
-275 -225 150 0
-225 -225 150 0
-175 -225 150 0
-125 -225 150 0
-75 -225 150 0
-25 -225 150 0
25 -225 150 0
75 -225 150 0
125 -225 150 0
175 -225 150 0
225 -225 150 0
275 -225 150 0
325 -225 150 0
375 -225 150 0
425 -225 150 0
475 -225 150 0
-475 -175 150 0
-425 -175 150 0
-375 -175 150 0
-325 -175 150 0
-275 -175 150 0
-225 -175 150 0
-175 -175 150 0
-125 -175 150 0
-75 -175 150 0
-25 -175 150 0
25 -175 150 0
75 -175 150 0
125 -175 150 0
175 -175 150 0
225 -175 150 0
275 -175 150 0
325 -175 150 0
375 -175 150 0
425 -175 150 0
475 -175 150 0
-475 -125 150 0
-425 -125 150 0
-375 -125 150 0
-325 -125 150 0
-275 -125 150 0
-225 -125 150 0
-175 -125 150 0
-125 -125 150 0
-75 -125 150 0
-25 -125 150 0
25 -125 150 0
75 -125 150 0
125 -125 150 0
175 -125 150 0
225 -125 150 0
275 -125 150 0
325 -125 150 0
375 -125 150 0
425 -125 150 0
475 -125 150 0
-475 -75 150 0
-425 -75 150 0
-375 -75 150 0
-325 -75 150 0
-275 -75 150 0
-225 -75 150 0
-175 -75 150 0
-125 -75 150 0
-75 -75 150 0
-25 -75 150 0
25 -75 150 0
75 -75 150 0
125 -75 150 0
175 -75 150 0
225 -75 150 0
275 -75 150 0
325 -75 150 0
375 -75 150 0
425 -75 150 0
475 -75 150 0
-475 -25 150 0
-425 -25 150 0
-375 -25 150 0
-325 -25 150 0
-275 -25 150 0
-225 -25 150 1
-175 -25 150 1
-125 -25 150 1
-75 -25 150 1
-25 -25 150 0
25 -25 150 0
75 -25 150 0
125 -25 150 0
175 -25 150 -1
225 -25 150 -1
275 -25 150 -1
325 -25 150 -1
375 -25 150 0
425 -25 150 0
475 -25 150 0
-475 25 150 0
-425 25 150 0
-375 25 150 0
-325 25 150 0
-275 25 150 0
-225 25 150 1
-175 25 150 1
-125 25 150 1
-75 25 150 1
-25 25 150 0
25 25 150 0
75 25 150 0
125 25 150 0
175 25 150 -1
225 25 150 -1
275 25 150 -1
325 25 150 -1
375 25 150 0
425 25 150 0
475 25 150 0
-475 75 150 0
-425 75 150 0
-375 75 150 0
-325 75 150 0
-275 75 150 0
-225 75 150 1
-175 75 150 1
-125 75 150 1
-75 75 150 1
-25 75 150 0
25 75 150 0
75 75 150 0
125 75 150 0
175 75 150 -1
225 75 150 -1
275 75 150 -1
325 75 150 -1
375 75 150 0
425 75 150 0
475 75 150 0
-475 125 150 0
-425 125 150 0
-375 125 150 0
-325 125 150 0
-275 125 150 0
-225 125 150 0
-175 125 150 0
-125 125 150 0
-75 125 150 0
-25 125 150 0
25 125 150 0
75 125 150 0
125 125 150 0
175 125 150 0
225 125 150 0
275 125 150 0
325 125 150 0
375 125 150 0
425 125 150 0
475 125 150 0
-475 175 150 0
-425 175 150 0
-375 175 150 0
-325 175 150 0
-275 175 150 0
-225 175 150 0
-175 175 150 0
-125 175 150 0
-75 175 150 0
-25 175 150 0
25 175 150 0
75 175 150 0
125 175 150 0
175 175 150 0
225 175 150 0
275 175 150 0
325 175 150 0
375 175 150 0
425 175 150 0
475 175 150 0
-475 225 150 0
-425 225 150 0
-375 225 150 0
-325 225 150 0
-275 225 150 0
-225 225 150 0
-175 225 150 0
-125 225 150 0
-75 225 150 0
-25 225 150 0
25 225 150 0
75 225 150 0
125 225 150 0
175 225 150 0
225 225 150 0
275 225 150 0
325 225 150 0
375 225 150 0
425 225 150 0
475 225 150 0
-475 275 150 0
-425 275 150 0
-375 275 150 0
-325 275 150 0
-275 275 150 0
-225 275 150 0
-175 275 150 0
-125 275 150 0
-75 275 150 0
-25 275 150 0
25 275 150 0
75 275 150 0
125 275 150 0
175 275 150 0
225 275 150 0
275 275 150 0
325 275 150 0
375 275 150 0
425 275 150 0
475 275 150 0
-475 325 150 0
-425 325 150 0
-375 325 150 0
-325 325 150 0
-275 325 150 0
-225 325 150 0
-175 325 150 0
-125 325 150 0
-75 325 150 0
-25 325 150 0
25 325 150 0
75 325 150 0
125 325 150 0
175 325 150 0
225 325 150 0
275 325 150 0
325 325 150 0
375 325 150 0
425 325 150 0
475 325 150 0
-475 375 150 0
-425 375 150 0
-375 375 150 0
-325 375 150 0
-275 375 150 0
-225 375 150 0
-175 375 150 0
-125 375 150 0
-75 375 150 0
-25 375 150 0
25 375 150 0
75 375 150 0
125 375 150 0
175 375 150 0
225 375 150 0
275 375 150 0
325 375 150 0
375 375 150 0
425 375 150 0
475 375 150 0
-475 425 150 0
-425 425 150 0
-375 425 150 0
-325 425 150 0
-275 425 150 0
-225 425 150 0
-175 425 150 0
-125 425 150 0
-75 425 150 0
-25 425 150 0
25 425 150 0
75 425 150 0
125 425 150 0
175 425 150 0
225 425 150 0
275 425 150 0
325 425 150 0
375 425 150 0
425 425 150 0
475 425 150 0
-475 475 150 0
-425 475 150 0
-375 475 150 0
-325 475 150 0
-275 475 150 0
-225 475 150 0
-175 475 150 0
-125 475 150 0
-75 475 150 0
-25 475 150 0
25 475 150 0
75 475 150 0
125 475 150 0
175 475 150 0
225 475 150 0
275 475 150 0
325 475 150 0
375 475 150 0
425 475 150 0
475 475 150 0
-475 -475 200 0
-425 -475 200 0
-375 -475 200 0
-325 -475 200 0
-275 -475 200 0
-225 -475 200 0
-175 -475 200 0
-125 -475 200 0
-75 -475 200 0
-25 -475 200 0
25 -475 200 0
75 -475 200 0
125 -475 200 0
175 -475 200 0
225 -475 200 0
275 -475 200 0
325 -475 200 0
375 -475 200 0
425 -475 200 0
475 -475 200 0
-475 -425 200 0
-425 -425 200 0
-375 -425 200 0
-325 -425 200 0
-275 -425 200 0
-225 -425 200 0
-175 -425 200 0
-125 -425 200 0
-75 -425 200 0
-25 -425 200 0
25 -425 200 0
75 -425 200 0
125 -425 200 0
175 -425 200 0
225 -425 200 0
275 -425 200 0
325 -425 200 0
375 -425 200 0
425 -425 200 0
475 -425 200 0
-475 -375 200 0
-425 -375 200 0
-375 -375 200 0
-325 -375 200 0
-275 -375 200 0
-225 -375 200 0
-175 -375 200 0
-125 -375 200 0
-75 -375 200 0
-25 -375 200 0
25 -375 200 0
75 -375 200 0
125 -375 200 0
175 -375 200 0
225 -375 200 0
275 -375 200 0
325 -375 200 0
375 -375 200 0
425 -375 200 0
475 -375 200 0
-475 -325 200 0
-425 -325 200 0
-375 -325 200 0
-325 -325 200 0
-275 -325 200 0
-225 -325 200 0
-175 -325 200 0
-125 -325 200 0
-75 -325 200 0
-25 -325 200 0
25 -325 200 0
75 -325 200 0
125 -325 200 0
175 -325 200 0
225 -325 200 0
275 -325 200 0
325 -325 200 0
375 -325 200 0
425 -325 200 0
475 -325 200 0
-475 -275 200 0
-425 -275 200 0
-375 -275 200 0
-325 -275 200 0
-275 -275 200 0
-225 -275 200 0
-175 -275 200 0
-125 -275 200 0
-75 -275 200 0
-25 -275 200 0
25 -275 200 0
75 -275 200 0
125 -275 200 0
175 -275 200 0
225 -275 200 0
275 -275 200 0
325 -275 200 0
375 -275 200 0
425 -275 200 0
475 -275 200 0
-475 -225 200 0
-425 -225 200 0
-375 -225 200 0
-325 -225 200 0
-275 -225 200 0
-225 -225 200 0
-175 -225 200 0
-125 -225 200 0
-75 -225 200 0
-25 -225 200 0
25 -225 200 0
75 -225 200 0
125 -225 200 0
175 -225 200 0
225 -225 200 0
275 -225 200 0
325 -225 200 0
375 -225 200 0
425 -225 200 0
475 -225 200 0
-475 -175 200 0
-425 -175 200 0
-375 -175 200 0
-325 -175 200 0
-275 -175 200 0
-225 -175 200 0
-175 -175 200 0
-125 -175 200 0
-75 -175 200 0
-25 -175 200 0
25 -175 200 0
75 -175 200 0
125 -175 200 0
175 -175 200 0
225 -175 200 0
275 -175 200 0
325 -175 200 0
375 -175 200 0
425 -175 200 0
475 -175 200 0
-475 -125 200 0
-425 -125 200 0
-375 -125 200 0
-325 -125 200 0
-275 -125 200 0
-225 -125 200 0
-175 -125 200 0
-125 -125 200 0
-75 -125 200 0
-25 -125 200 0
25 -125 200 0
75 -125 200 0
125 -125 200 0
175 -125 200 0
225 -125 200 0
275 -125 200 0
325 -125 200 0
375 -125 200 0
425 -125 200 0
475 -125 200 0
-475 -75 200 0
-425 -75 200 0
-375 -75 200 0
-325 -75 200 0
-275 -75 200 0
-225 -75 200 0
-175 -75 200 0
-125 -75 200 0
-75 -75 200 0
-25 -75 200 0
25 -75 200 0
75 -75 200 0
125 -75 200 0
175 -75 200 0
225 -75 200 0
275 -75 200 0
325 -75 200 0
375 -75 200 0
425 -75 200 0
475 -75 200 0
-475 -25 200 0
-425 -25 200 0
-375 -25 200 0
-325 -25 200 0
-275 -25 200 0
-225 -25 200 1
-175 -25 200 1
-125 -25 200 1
-75 -25 200 1
-25 -25 200 0
25 -25 200 0
75 -25 200 0
125 -25 200 0
175 -25 200 -1
225 -25 200 -1
275 -25 200 -1
325 -25 200 -1
375 -25 200 0
425 -25 200 0
475 -25 200 0
-475 25 200 0
-425 25 200 0
-375 25 200 0
-325 25 200 0
-275 25 200 0
-225 25 200 1
-175 25 200 1
-125 25 200 1
-75 25 200 1
-25 25 200 0
25 25 200 0
75 25 200 0
125 25 200 0
175 25 200 -1
225 25 200 -1
275 25 200 -1
325 25 200 -1
375 25 200 0
425 25 200 0
475 25 200 0
-475 75 200 0
-425 75 200 0
-375 75 200 0
-325 75 200 0
-275 75 200 0
-225 75 200 1
-175 75 200 1
-125 75 200 1
-75 75 200 1
-25 75 200 0
25 75 200 0
75 75 200 0
125 75 200 0
175 75 200 -1
225 75 200 -1
275 75 200 -1
325 75 200 -1
375 75 200 0
425 75 200 0
475 75 200 0
-475 125 200 0
-425 125 200 0
-375 125 200 0
-325 125 200 0
-275 125 200 0
-225 125 200 0
-175 125 200 0
-125 125 200 0
-75 125 200 0
-25 125 200 0
25 125 200 0
75 125 200 0
125 125 200 0
175 125 200 0
225 125 200 0
275 125 200 0
325 125 200 0
375 125 200 0
425 125 200 0
475 125 200 0
-475 175 200 0
-425 175 200 0
-375 175 200 0
-325 175 200 0
-275 175 200 0
-225 175 200 0
-175 175 200 0
-125 175 200 0
-75 175 200 0
-25 175 200 0
25 175 200 0
75 175 200 0
125 175 200 0
175 175 200 0
225 175 200 0
275 175 200 0
325 175 200 0
375 175 200 0
425 175 200 0
475 175 200 0
-475 225 200 0
-425 225 200 0
-375 225 200 0
-325 225 200 0
-275 225 200 0
-225 225 200 0
-175 225 200 0
-125 225 200 0
-75 225 200 0
-25 225 200 0
25 225 200 0
75 225 200 0
125 225 200 0
175 225 200 0
225 225 200 0
275 225 200 0
325 225 200 0
375 225 200 0
425 225 200 0
475 225 200 0
-475 275 200 0
-425 275 200 0
-375 275 200 0
-325 275 200 0
-275 275 200 0
-225 275 200 0
-175 275 200 0
-125 275 200 0
-75 275 200 0
-25 275 200 0
25 275 200 0
75 275 200 0
125 275 200 0
175 275 200 0
225 275 200 0
275 275 200 0
325 275 200 0
375 275 200 0
425 275 200 0
475 275 200 0
-475 325 200 0
-425 325 200 0
-375 325 200 0
-325 325 200 0
-275 325 200 0
-225 325 200 0
-175 325 200 0
-125 325 200 0
-75 325 200 0
-25 325 200 0
25 325 200 0
75 325 200 0
125 325 200 0
175 325 200 0
225 325 200 0
275 325 200 0
325 325 200 0
375 325 200 0
425 325 200 0
475 325 200 0
-475 375 200 0
-425 375 200 0
-375 375 200 0
-325 375 200 0
-275 375 200 0
-225 375 200 0
-175 375 200 0
-125 375 200 0
-75 375 200 0
-25 375 200 0
25 375 200 0
75 375 200 0
125 375 200 0
175 375 200 0
225 375 200 0
275 375 200 0
325 375 200 0
375 375 200 0
425 375 200 0
475 375 200 0
-475 425 200 0
-425 425 200 0
-375 425 200 0
-325 425 200 0
-275 425 200 0
-225 425 200 0
-175 425 200 0
-125 425 200 0
-75 425 200 0
-25 425 200 0
25 425 200 0
75 425 200 0
125 425 200 0
175 425 200 0
225 425 200 0
275 425 200 0
325 425 200 0
375 425 200 0
425 425 200 0
475 425 200 0
-475 475 200 0
-425 475 200 0
-375 475 200 0
-325 475 200 0
-275 475 200 0
-225 475 200 0
-175 475 200 0
-125 475 200 0
-75 475 200 0
-25 475 200 0
25 475 200 0
75 475 200 0
125 475 200 0
175 475 200 0
225 475 200 0
275 475 200 0
325 475 200 0
375 475 200 0
425 475 200 0
475 475 200 0
-475 -475 250 0
-425 -475 250 0
-375 -475 250 0
-325 -475 250 0
-275 -475 250 0
-225 -475 250 0
-175 -475 250 0
-125 -475 250 0
-75 -475 250 0
-25 -475 250 0
25 -475 250 0
75 -475 250 0
125 -475 250 0
175 -475 250 0
225 -475 250 0
275 -475 250 0
325 -475 250 0
375 -475 250 0
425 -475 250 0
475 -475 250 0
-475 -425 250 0
-425 -425 250 0
-375 -425 250 0
-325 -425 250 0
-275 -425 250 0
-225 -425 250 0
-175 -425 250 0
-125 -425 250 0
-75 -425 250 0
-25 -425 250 0
25 -425 250 0
75 -425 250 0
125 -425 250 0
175 -425 250 0
225 -425 250 0
275 -425 250 0
325 -425 250 0
375 -425 250 0
425 -425 250 0
475 -425 250 0
-475 -375 250 0
-425 -375 250 0
-375 -375 250 0
-325 -375 250 0
-275 -375 250 0
-225 -375 250 0
-175 -375 250 0
-125 -375 250 0
-75 -375 250 0
-25 -375 250 0
25 -375 250 0
75 -375 250 0
125 -375 250 0
175 -375 250 0
225 -375 250 0
275 -375 250 0
325 -375 250 0
375 -375 250 0
425 -375 250 0
475 -375 250 0
-475 -325 250 0
-425 -325 250 0
-375 -325 250 0
-325 -325 250 0
-275 -325 250 0
-225 -325 250 0
-175 -325 250 0
-125 -325 250 0
-75 -325 250 0
-25 -325 250 0
25 -325 250 0
75 -325 250 0
125 -325 250 0
175 -325 250 0
225 -325 250 0
275 -325 250 0
325 -325 250 0
375 -325 250 0
425 -325 250 0
475 -325 250 0
-475 -275 250 0
-425 -275 250 0
-375 -275 250 0
-325 -275 250 0
-275 -275 250 0
-225 -275 250 0
-175 -275 250 0
-125 -275 250 0
-75 -275 250 0
-25 -275 250 0
25 -275 250 0
75 -275 250 0
125 -275 250 0
175 -275 250 0
225 -275 250 0
275 -275 250 0
325 -275 250 0
375 -275 250 0
425 -275 250 0
475 -275 250 0
-475 -225 250 0
-425 -225 250 0
-375 -225 250 0
-325 -225 250 0
-275 -225 250 0
-225 -225 250 0
-175 -225 250 0
-125 -225 250 0
-75 -225 250 0
-25 -225 250 0
25 -225 250 0
75 -225 250 0
125 -225 250 0
175 -225 250 0
225 -225 250 0
275 -225 250 0
325 -225 250 0
375 -225 250 0
425 -225 250 0
475 -225 250 0
-475 -175 250 0
-425 -175 250 0
-375 -175 250 0
-325 -175 250 0
-275 -175 250 0
-225 -175 250 0
-175 -175 250 0
-125 -175 250 0
-75 -175 250 0
-25 -175 250 0
25 -175 250 0
75 -175 250 0
125 -175 250 0
175 -175 250 0
225 -175 250 0
275 -175 250 0
325 -175 250 0
375 -175 250 0
425 -175 250 0
475 -175 250 0
-475 -125 250 0
-425 -125 250 0
-375 -125 250 0
-325 -125 250 0
-275 -125 250 0
-225 -125 250 0
-175 -125 250 0
-125 -125 250 0
-75 -125 250 0
-25 -125 250 0
25 -125 250 0
75 -125 250 0
125 -125 250 0
175 -125 250 0
225 -125 250 0
275 -125 250 0
325 -125 250 0
375 -125 250 0
425 -125 250 0
475 -125 250 0
-475 -75 250 0
-425 -75 250 0
-375 -75 250 0
-325 -75 250 0
-275 -75 250 0
-225 -75 250 0
-175 -75 250 0
-125 -75 250 0
-75 -75 250 0
-25 -75 250 0
25 -75 250 0
75 -75 250 0
125 -75 250 0
175 -75 250 0
225 -75 250 0
275 -75 250 0
325 -75 250 0
375 -75 250 0
425 -75 250 0
475 -75 250 0
-475 -25 250 0
-425 -25 250 0
-375 -25 250 0
-325 -25 250 0
-275 -25 250 0
-225 -25 250 1
-175 -25 250 1
-125 -25 250 1
-75 -25 250 1
-25 -25 250 0
25 -25 250 0
75 -25 250 0
125 -25 250 0
175 -25 250 -1
225 -25 250 -1
275 -25 250 -1
325 -25 250 -1
375 -25 250 0
425 -25 250 0
475 -25 250 0
-475 25 250 0
-425 25 250 0
-375 25 250 0
-325 25 250 0
-275 25 250 0
-225 25 250 1
-175 25 250 1
-125 25 250 1
-75 25 250 1
-25 25 250 0
25 25 250 0
75 25 250 0
125 25 250 0
175 25 250 -1
225 25 250 -1
275 25 250 -1
325 25 250 -1
375 25 250 0
425 25 250 0
475 25 250 0
-475 75 250 0
-425 75 250 0
-375 75 250 0
-325 75 250 0
-275 75 250 0
-225 75 250 1
-175 75 250 1
-125 75 250 1
-75 75 250 1
-25 75 250 0
25 75 250 0
75 75 250 0
125 75 250 0
175 75 250 -1
225 75 250 -1
275 75 250 -1
325 75 250 -1
375 75 250 0
425 75 250 0
475 75 250 0
-475 125 250 0
-425 125 250 0
-375 125 250 0
-325 125 250 0
-275 125 250 0
-225 125 250 0
-175 125 250 0
-125 125 250 0
-75 125 250 0
-25 125 250 0
25 125 250 0
75 125 250 0
125 125 250 0
175 125 250 0
225 125 250 0
275 125 250 0
325 125 250 0
375 125 250 0
425 125 250 0
475 125 250 0
-475 175 250 0
-425 175 250 0
-375 175 250 0
-325 175 250 0
-275 175 250 0
-225 175 250 0
-175 175 250 0
-125 175 250 0
-75 175 250 0
-25 175 250 0
25 175 250 0
75 175 250 0
125 175 250 0
175 175 250 0
225 175 250 0
275 175 250 0
325 175 250 0
375 175 250 0
425 175 250 0
475 175 250 0
-475 225 250 0
-425 225 250 0
-375 225 250 0
-325 225 250 0
-275 225 250 0
-225 225 250 0
-175 225 250 0
-125 225 250 0
-75 225 250 0
-25 225 250 0
25 225 250 0
75 225 250 0
125 225 250 0
175 225 250 0
225 225 250 0
275 225 250 0
325 225 250 0
375 225 250 0
425 225 250 0
475 225 250 0
-475 275 250 0
-425 275 250 0
-375 275 250 0
-325 275 250 0
-275 275 250 0
-225 275 250 0
-175 275 250 0
-125 275 250 0
-75 275 250 0
-25 275 250 0
25 275 250 0
75 275 250 0
125 275 250 0
175 275 250 0
225 275 250 0
275 275 250 0
325 275 250 0
375 275 250 0
425 275 250 0
475 275 250 0
-475 325 250 0
-425 325 250 0
-375 325 250 0
-325 325 250 0
-275 325 250 0
-225 325 250 0
-175 325 250 0
-125 325 250 0
-75 325 250 0
-25 325 250 0
25 325 250 0
75 325 250 0
125 325 250 0
175 325 250 0
225 325 250 0
275 325 250 0
325 325 250 0
375 325 250 0
425 325 250 0
475 325 250 0
-475 375 250 0
-425 375 250 0
-375 375 250 0
-325 375 250 0
-275 375 250 0
-225 375 250 0
-175 375 250 0
-125 375 250 0
-75 375 250 0
-25 375 250 0
25 375 250 0
75 375 250 0
125 375 250 0
175 375 250 0
225 375 250 0
275 375 250 0
325 375 250 0
375 375 250 0
425 375 250 0
475 375 250 0
-475 425 250 0
-425 425 250 0
-375 425 250 0
-325 425 250 0
-275 425 250 0
-225 425 250 0
-175 425 250 0
-125 425 250 0
-75 425 250 0
-25 425 250 0
25 425 250 0
75 425 250 0
125 425 250 0
175 425 250 0
225 425 250 0
275 425 250 0
325 425 250 0
375 425 250 0
425 425 250 0
475 425 250 0
-475 475 250 0
-425 475 250 0
-375 475 250 0
-325 475 250 0
-275 475 250 0
-225 475 250 0
-175 475 250 0
-125 475 250 0
-75 475 250 0
-25 475 250 0
25 475 250 0
75 475 250 0
125 475 250 0
175 475 250 0
225 475 250 0
275 475 250 0
325 475 250 0
375 475 250 0
425 475 250 0
475 475 250 0
-475 -475 300 0
-425 -475 300 0
-375 -475 300 0
-325 -475 300 0
-275 -475 300 0
-225 -475 300 0
-175 -475 300 0
-125 -475 300 0
-75 -475 300 0
-25 -475 300 0
25 -475 300 0
75 -475 300 0
125 -475 300 0
175 -475 300 0
225 -475 300 0
275 -475 300 0
325 -475 300 0
375 -475 300 0
425 -475 300 0
475 -475 300 0
-475 -425 300 0
-425 -425 300 0
-375 -425 300 0
-325 -425 300 0
-275 -425 300 0
-225 -425 300 0
-175 -425 300 0
-125 -425 300 0
-75 -425 300 0
-25 -425 300 0
25 -425 300 0
75 -425 300 0
125 -425 300 0
175 -425 300 0
225 -425 300 0
275 -425 300 0
325 -425 300 0
375 -425 300 0
425 -425 300 0
475 -425 300 0
-475 -375 300 0
-425 -375 300 0
-375 -375 300 0
-325 -375 300 0
-275 -375 300 0
-225 -375 300 0
-175 -375 300 0
-125 -375 300 0
-75 -375 300 0
-25 -375 300 0
25 -375 300 0
75 -375 300 0
125 -375 300 0
175 -375 300 0
225 -375 300 0
275 -375 300 0
325 -375 300 0
375 -375 300 0
425 -375 300 0
475 -375 300 0
-475 -325 300 0
-425 -325 300 0
-375 -325 300 0
-325 -325 300 0
-275 -325 300 0
-225 -325 300 0
-175 -325 300 0
-125 -325 300 0
-75 -325 300 0
-25 -325 300 0
25 -325 300 0
75 -325 300 0
125 -325 300 0
175 -325 300 0
225 -325 300 0
275 -325 300 0
325 -325 300 0
375 -325 300 0
425 -325 300 0
475 -325 300 0
-475 -275 300 0
-425 -275 300 0
-375 -275 300 0
-325 -275 300 0
-275 -275 300 0
-225 -275 300 0
-175 -275 300 0
-125 -275 300 0
-75 -275 300 0
-25 -275 300 0
25 -275 300 0
75 -275 300 0
125 -275 300 0
175 -275 300 0
225 -275 300 0
275 -275 300 0
325 -275 300 0
375 -275 300 0
425 -275 300 0
475 -275 300 0
-475 -225 300 0
-425 -225 300 0
-375 -225 300 0
-325 -225 300 0
-275 -225 300 0
-225 -225 300 0
-175 -225 300 0
-125 -225 300 0
-75 -225 300 0
-25 -225 300 0
25 -225 300 0
75 -225 300 0
125 -225 300 0
175 -225 300 0
225 -225 300 0
275 -225 300 0
325 -225 300 0
375 -225 300 0
425 -225 300 0
475 -225 300 0
-475 -175 300 0
-425 -175 300 0
-375 -175 300 0
-325 -175 300 0
-275 -175 300 0
-225 -175 300 0
-175 -175 300 0
-125 -175 300 0
-75 -175 300 0
-25 -175 300 0
25 -175 300 0
75 -175 300 0
125 -175 300 0
175 -175 300 0
225 -175 300 0
275 -175 300 0
325 -175 300 0
375 -175 300 0
425 -175 300 0
475 -175 300 0
-475 -125 300 0
-425 -125 300 0
-375 -125 300 0
-325 -125 300 0
-275 -125 300 0
-225 -125 300 0
-175 -125 300 0
-125 -125 300 0
-75 -125 300 0
-25 -125 300 0
25 -125 300 0
75 -125 300 0
125 -125 300 0
175 -125 300 0
225 -125 300 0
275 -125 300 0
325 -125 300 0
375 -125 300 0
425 -125 300 0
475 -125 300 0
-475 -75 300 0
-425 -75 300 0
-375 -75 300 0
-325 -75 300 0
-275 -75 300 0
-225 -75 300 0
-175 -75 300 0
-125 -75 300 0
-75 -75 300 0
-25 -75 300 0
25 -75 300 0
75 -75 300 0
125 -75 300 0
175 -75 300 0
225 -75 300 0
275 -75 300 0
325 -75 300 0
375 -75 300 0
425 -75 300 0
475 -75 300 0
-475 -25 300 0
-425 -25 300 0
-375 -25 300 0
-325 -25 300 0
-275 -25 300 0
-225 -25 300 1
-175 -25 300 1
-125 -25 300 1
-75 -25 300 1
-25 -25 300 0
25 -25 300 0
75 -25 300 0
125 -25 300 0
175 -25 300 -1
225 -25 300 -1
275 -25 300 -1
325 -25 300 -1
375 -25 300 0
425 -25 300 0
475 -25 300 0
-475 25 300 0
-425 25 300 0
-375 25 300 0
-325 25 300 0
-275 25 300 0
-225 25 300 1
-175 25 300 1
-125 25 300 1
-75 25 300 1
-25 25 300 0
25 25 300 0
75 25 300 0
125 25 300 0
175 25 300 -1
225 25 300 -1
275 25 300 -1
325 25 300 -1
375 25 300 0
425 25 300 0
475 25 300 0
-475 75 300 0
-425 75 300 0
-375 75 300 0
-325 75 300 0
-275 75 300 0
-225 75 300 1
-175 75 300 1
-125 75 300 1
-75 75 300 1
-25 75 300 0
25 75 300 0
75 75 300 0
125 75 300 0
175 75 300 -1
225 75 300 -1
275 75 300 -1
325 75 300 -1
375 75 300 0
425 75 300 0
475 75 300 0
-475 125 300 0
-425 125 300 0
-375 125 300 0
-325 125 300 0
-275 125 300 0
-225 125 300 0
-175 125 300 0
-125 125 300 0
-75 125 300 0
-25 125 300 0
25 125 300 0
75 125 300 0
125 125 300 0
175 125 300 0
225 125 300 0
275 125 300 0
325 125 300 0
375 125 300 0
425 125 300 0
475 125 300 0
-475 175 300 0
-425 175 300 0
-375 175 300 0
-325 175 300 0
-275 175 300 0
-225 175 300 0
-175 175 300 0
-125 175 300 0
-75 175 300 0
-25 175 300 0
25 175 300 0
75 175 300 0
125 175 300 0
175 175 300 0
225 175 300 0
275 175 300 0
325 175 300 0
375 175 300 0
425 175 300 0
475 175 300 0
-475 225 300 0
-425 225 300 0
-375 225 300 0
-325 225 300 0
-275 225 300 0
-225 225 300 0
-175 225 300 0
-125 225 300 0
-75 225 300 0
-25 225 300 0
25 225 300 0
75 225 300 0
125 225 300 0
175 225 300 0
225 225 300 0
275 225 300 0
325 225 300 0
375 225 300 0
425 225 300 0
475 225 300 0
-475 275 300 0
-425 275 300 0
-375 275 300 0
-325 275 300 0
-275 275 300 0
-225 275 300 0
-175 275 300 0
-125 275 300 0
-75 275 300 0
-25 275 300 0
25 275 300 0
75 275 300 0
125 275 300 0
175 275 300 0
225 275 300 0
275 275 300 0
325 275 300 0
375 275 300 0
425 275 300 0
475 275 300 0
-475 325 300 0
-425 325 300 0
-375 325 300 0
-325 325 300 0
-275 325 300 0
-225 325 300 0
-175 325 300 0
-125 325 300 0
-75 325 300 0
-25 325 300 0
25 325 300 0
75 325 300 0
125 325 300 0
175 325 300 0
225 325 300 0
275 325 300 0
325 325 300 0
375 325 300 0
425 325 300 0
475 325 300 0
-475 375 300 0
-425 375 300 0
-375 375 300 0
-325 375 300 0
-275 375 300 0
-225 375 300 0
-175 375 300 0
-125 375 300 0
-75 375 300 0
-25 375 300 0
25 375 300 0
75 375 300 0
125 375 300 0
175 375 300 0
225 375 300 0
275 375 300 0
325 375 300 0
375 375 300 0
425 375 300 0
475 375 300 0
-475 425 300 0
-425 425 300 0
-375 425 300 0
-325 425 300 0
-275 425 300 0
-225 425 300 0
-175 425 300 0
-125 425 300 0
-75 425 300 0
-25 425 300 0
25 425 300 0
75 425 300 0
125 425 300 0
175 425 300 0
225 425 300 0
275 425 300 0
325 425 300 0
375 425 300 0
425 425 300 0
475 425 300 0
-475 475 300 0
-425 475 300 0
-375 475 300 0
-325 475 300 0
-275 475 300 0
-225 475 300 0
-175 475 300 0
-125 475 300 0
-75 475 300 0
-25 475 300 0
25 475 300 0
75 475 300 0
125 475 300 0
175 475 300 0
225 475 300 0
275 475 300 0
325 475 300 0
375 475 300 0
425 475 300 0
475 475 300 0
-475 -475 350 0
-425 -475 350 0
-375 -475 350 0
-325 -475 350 0
-275 -475 350 0
-225 -475 350 0
-175 -475 350 0
-125 -475 350 0
-75 -475 350 0
-25 -475 350 0
25 -475 350 0
75 -475 350 0
125 -475 350 0
175 -475 350 0
225 -475 350 0
275 -475 350 0
325 -475 350 0
375 -475 350 0
425 -475 350 0
475 -475 350 0
-475 -425 350 0
-425 -425 350 0
-375 -425 350 0
-325 -425 350 0
-275 -425 350 0
-225 -425 350 0
-175 -425 350 0
-125 -425 350 0
-75 -425 350 0
-25 -425 350 0
25 -425 350 0
75 -425 350 0
125 -425 350 0
175 -425 350 0
225 -425 350 0
275 -425 350 0
325 -425 350 0
375 -425 350 0
425 -425 350 0
475 -425 350 0
-475 -375 350 0
-425 -375 350 0
-375 -375 350 0
-325 -375 350 0
-275 -375 350 0
-225 -375 350 0
-175 -375 350 0
-125 -375 350 0
-75 -375 350 0
-25 -375 350 0
25 -375 350 0
75 -375 350 0
125 -375 350 0
175 -375 350 0
225 -375 350 0
275 -375 350 0
325 -375 350 0
375 -375 350 0
425 -375 350 0
475 -375 350 0
-475 -325 350 0
-425 -325 350 0
-375 -325 350 0
-325 -325 350 0
-275 -325 350 0
-225 -325 350 0
-175 -325 350 0
-125 -325 350 0
-75 -325 350 0
-25 -325 350 0
25 -325 350 0
75 -325 350 0
125 -325 350 0
175 -325 350 0
225 -325 350 0
275 -325 350 0
325 -325 350 0
375 -325 350 0
425 -325 350 0
475 -325 350 0
-475 -275 350 0
-425 -275 350 0
-375 -275 350 0
-325 -275 350 0
-275 -275 350 0
-225 -275 350 0
-175 -275 350 0
-125 -275 350 0
-75 -275 350 0
-25 -275 350 0
25 -275 350 0
75 -275 350 0
125 -275 350 0
175 -275 350 0
225 -275 350 0
275 -275 350 0
325 -275 350 0
375 -275 350 0
425 -275 350 0
475 -275 350 0
-475 -225 350 0
-425 -225 350 0
-375 -225 350 0
-325 -225 350 0
-275 -225 350 0
-225 -225 350 0
-175 -225 350 0
-125 -225 350 0
-75 -225 350 0
-25 -225 350 0
25 -225 350 0
75 -225 350 0
125 -225 350 0
175 -225 350 0
225 -225 350 0
275 -225 350 0
325 -225 350 0
375 -225 350 0
425 -225 350 0
475 -225 350 0
-475 -175 350 0
-425 -175 350 0
-375 -175 350 0
-325 -175 350 0
-275 -175 350 0
-225 -175 350 0
-175 -175 350 0
-125 -175 350 0
-75 -175 350 0
-25 -175 350 0
25 -175 350 0
75 -175 350 0
125 -175 350 0
175 -175 350 0
225 -175 350 0
275 -175 350 0
325 -175 350 0
375 -175 350 0
425 -175 350 0
475 -175 350 0
-475 -125 350 0
-425 -125 350 0
-375 -125 350 0
-325 -125 350 0
-275 -125 350 0
-225 -125 350 0
-175 -125 350 0
-125 -125 350 0
-75 -125 350 0
-25 -125 350 0
25 -125 350 0
75 -125 350 0
125 -125 350 0
175 -125 350 0
225 -125 350 0
275 -125 350 0
325 -125 350 0
375 -125 350 0
425 -125 350 0
475 -125 350 0
-475 -75 350 0
-425 -75 350 0
-375 -75 350 0
-325 -75 350 0
-275 -75 350 0
-225 -75 350 0
-175 -75 350 0
-125 -75 350 0
-75 -75 350 0
-25 -75 350 0
25 -75 350 0
75 -75 350 0
125 -75 350 0
175 -75 350 0
225 -75 350 0
275 -75 350 0
325 -75 350 0
375 -75 350 0
425 -75 350 0
475 -75 350 0
-475 -25 350 0
-425 -25 350 0
-375 -25 350 0
-325 -25 350 0
-275 -25 350 0
-225 -25 350 0
-175 -25 350 0
-125 -25 350 0
-75 -25 350 0
-25 -25 350 0
25 -25 350 0
75 -25 350 0
125 -25 350 0
175 -25 350 0
225 -25 350 0
275 -25 350 0
325 -25 350 0
375 -25 350 0
425 -25 350 0
475 -25 350 0
-475 25 350 0
-425 25 350 0
-375 25 350 0
-325 25 350 0
-275 25 350 0
-225 25 350 0
-175 25 350 0
-125 25 350 0
-75 25 350 0
-25 25 350 0
25 25 350 0
75 25 350 0
125 25 350 0
175 25 350 0
225 25 350 0
275 25 350 0
325 25 350 0
375 25 350 0
425 25 350 0
475 25 350 0
-475 75 350 0
-425 75 350 0
-375 75 350 0
-325 75 350 0
-275 75 350 0
-225 75 350 0
-175 75 350 0
-125 75 350 0
-75 75 350 0
-25 75 350 0
25 75 350 0
75 75 350 0
125 75 350 0
175 75 350 0
225 75 350 0
275 75 350 0
325 75 350 0
375 75 350 0
425 75 350 0
475 75 350 0
-475 125 350 0
-425 125 350 0
-375 125 350 0
-325 125 350 0
-275 125 350 0
-225 125 350 0
-175 125 350 0
-125 125 350 0
-75 125 350 0
-25 125 350 0
25 125 350 0
75 125 350 0
125 125 350 0
175 125 350 0
225 125 350 0
275 125 350 0
325 125 350 0
375 125 350 0
425 125 350 0
475 125 350 0
-475 175 350 0
-425 175 350 0
-375 175 350 0
-325 175 350 0
-275 175 350 0
-225 175 350 0
-175 175 350 0
-125 175 350 0
-75 175 350 0
-25 175 350 0
25 175 350 0
75 175 350 0
125 175 350 0
175 175 350 0
225 175 350 0
275 175 350 0
325 175 350 0
375 175 350 0
425 175 350 0
475 175 350 0
-475 225 350 0
-425 225 350 0
-375 225 350 0
-325 225 350 0
-275 225 350 0
-225 225 350 0
-175 225 350 0
-125 225 350 0
-75 225 350 0
-25 225 350 0
25 225 350 0
75 225 350 0
125 225 350 0
175 225 350 0
225 225 350 0
275 225 350 0
325 225 350 0
375 225 350 0
425 225 350 0
475 225 350 0
-475 275 350 0
-425 275 350 0
-375 275 350 0
-325 275 350 0
-275 275 350 0
-225 275 350 0
-175 275 350 0
-125 275 350 0
-75 275 350 0
-25 275 350 0
25 275 350 0
75 275 350 0
125 275 350 0
175 275 350 0
225 275 350 0
275 275 350 0
325 275 350 0
375 275 350 0
425 275 350 0
475 275 350 0
-475 325 350 0
-425 325 350 0
-375 325 350 0
-325 325 350 0
-275 325 350 0
-225 325 350 0
-175 325 350 0
-125 325 350 0
-75 325 350 0
-25 325 350 0
25 325 350 0
75 325 350 0
125 325 350 0
175 325 350 0
225 325 350 0
275 325 350 0
325 325 350 0
375 325 350 0
425 325 350 0
475 325 350 0
-475 375 350 0
-425 375 350 0
-375 375 350 0
-325 375 350 0
-275 375 350 0
-225 375 350 0
-175 375 350 0
-125 375 350 0
-75 375 350 0
-25 375 350 0
25 375 350 0
75 375 350 0
125 375 350 0
175 375 350 0
225 375 350 0
275 375 350 0
325 375 350 0
375 375 350 0
425 375 350 0
475 375 350 0
-475 425 350 0
-425 425 350 0
-375 425 350 0
-325 425 350 0
-275 425 350 0
-225 425 350 0
-175 425 350 0
-125 425 350 0
-75 425 350 0
-25 425 350 0
25 425 350 0
75 425 350 0
125 425 350 0
175 425 350 0
225 425 350 0
275 425 350 0
325 425 350 0
375 425 350 0
425 425 350 0
475 425 350 0
-475 475 350 0
-425 475 350 0
-375 475 350 0
-325 475 350 0
-275 475 350 0
-225 475 350 0
-175 475 350 0
-125 475 350 0
-75 475 350 0
-25 475 350 0
25 475 350 0
75 475 350 0
125 475 350 0
175 475 350 0
225 475 350 0
275 475 350 0
325 475 350 0
375 475 350 0
425 475 350 0
475 475 350 0
-475 -475 400 0
-425 -475 400 0
-375 -475 400 0
-325 -475 400 0
-275 -475 400 0
-225 -475 400 0
-175 -475 400 0
-125 -475 400 0
-75 -475 400 0
-25 -475 400 0
25 -475 400 0
75 -475 400 0
125 -475 400 0
175 -475 400 0
225 -475 400 0
275 -475 400 0
325 -475 400 0
375 -475 400 0
425 -475 400 0
475 -475 400 0
-475 -425 400 0
-425 -425 400 0
-375 -425 400 0
-325 -425 400 0
-275 -425 400 0
-225 -425 400 0
-175 -425 400 0
-125 -425 400 0
-75 -425 400 0
-25 -425 400 0
25 -425 400 0
75 -425 400 0
125 -425 400 0
175 -425 400 0
225 -425 400 0
275 -425 400 0
325 -425 400 0
375 -425 400 0
425 -425 400 0
475 -425 400 0
-475 -375 400 0
-425 -375 400 0
-375 -375 400 0
-325 -375 400 0
-275 -375 400 0
-225 -375 400 0
-175 -375 400 0
-125 -375 400 0
-75 -375 400 0
-25 -375 400 0
25 -375 400 0
75 -375 400 0
125 -375 400 0
175 -375 400 0
225 -375 400 0
275 -375 400 0
325 -375 400 0
375 -375 400 0
425 -375 400 0
475 -375 400 0
-475 -325 400 0
-425 -325 400 0
-375 -325 400 0
-325 -325 400 0
-275 -325 400 0
-225 -325 400 0
-175 -325 400 0
-125 -325 400 0
-75 -325 400 0
-25 -325 400 0
25 -325 400 0
75 -325 400 0
125 -325 400 0
175 -325 400 0
225 -325 400 0
275 -325 400 0
325 -325 400 0
375 -325 400 0
425 -325 400 0
475 -325 400 0
-475 -275 400 0
-425 -275 400 0
-375 -275 400 0
-325 -275 400 0
-275 -275 400 0
-225 -275 400 0
-175 -275 400 0
-125 -275 400 0
-75 -275 400 0
-25 -275 400 0
25 -275 400 0
75 -275 400 0
125 -275 400 0
175 -275 400 0
225 -275 400 0
275 -275 400 0
325 -275 400 0
375 -275 400 0
425 -275 400 0
475 -275 400 0
-475 -225 400 0
-425 -225 400 0
-375 -225 400 0
-325 -225 400 0
-275 -225 400 0
-225 -225 400 0
-175 -225 400 0
-125 -225 400 0
-75 -225 400 0
-25 -225 400 0
25 -225 400 0
75 -225 400 0
125 -225 400 0
175 -225 400 0
225 -225 400 0
275 -225 400 0
325 -225 400 0
375 -225 400 0
425 -225 400 0
475 -225 400 0
-475 -175 400 0
-425 -175 400 0
-375 -175 400 0
-325 -175 400 0
-275 -175 400 0
-225 -175 400 0
-175 -175 400 0
-125 -175 400 0
-75 -175 400 0
-25 -175 400 0
25 -175 400 0
75 -175 400 0
125 -175 400 0
175 -175 400 0
225 -175 400 0
275 -175 400 0
325 -175 400 0
375 -175 400 0
425 -175 400 0
475 -175 400 0
-475 -125 400 0
-425 -125 400 0
-375 -125 400 0
-325 -125 400 0
-275 -125 400 0
-225 -125 400 0
-175 -125 400 0
-125 -125 400 0
-75 -125 400 0
-25 -125 400 0
25 -125 400 0
75 -125 400 0
125 -125 400 0
175 -125 400 0
225 -125 400 0
275 -125 400 0
325 -125 400 0
375 -125 400 0
425 -125 400 0
475 -125 400 0
-475 -75 400 0
-425 -75 400 0
-375 -75 400 0
-325 -75 400 0
-275 -75 400 0
-225 -75 400 0
-175 -75 400 0
-125 -75 400 0
-75 -75 400 0
-25 -75 400 0
25 -75 400 0
75 -75 400 0
125 -75 400 0
175 -75 400 0
225 -75 400 0
275 -75 400 0
325 -75 400 0
375 -75 400 0
425 -75 400 0
475 -75 400 0
-475 -25 400 0
-425 -25 400 0
-375 -25 400 0
-325 -25 400 0
-275 -25 400 0
-225 -25 400 0
-175 -25 400 0
-125 -25 400 0
-75 -25 400 0
-25 -25 400 0
25 -25 400 0
75 -25 400 0
125 -25 400 0
175 -25 400 0
225 -25 400 0
275 -25 400 0
325 -25 400 0
375 -25 400 0
425 -25 400 0
475 -25 400 0
-475 25 400 0
-425 25 400 0
-375 25 400 0
-325 25 400 0
-275 25 400 0
-225 25 400 0
-175 25 400 0
-125 25 400 0
-75 25 400 0
-25 25 400 0
25 25 400 0
75 25 400 0
125 25 400 0
175 25 400 0
225 25 400 0
275 25 400 0
325 25 400 0
375 25 400 0
425 25 400 0
475 25 400 0
-475 75 400 0
-425 75 400 0
-375 75 400 0
-325 75 400 0
-275 75 400 0
-225 75 400 0
-175 75 400 0
-125 75 400 0
-75 75 400 0
-25 75 400 0
25 75 400 0
75 75 400 0
125 75 400 0
175 75 400 0
225 75 400 0
275 75 400 0
325 75 400 0
375 75 400 0
425 75 400 0
475 75 400 0
-475 125 400 0
-425 125 400 0
-375 125 400 0
-325 125 400 0
-275 125 400 0
-225 125 400 0
-175 125 400 0
-125 125 400 0
-75 125 400 0
-25 125 400 0
25 125 400 0
75 125 400 0
125 125 400 0
175 125 400 0
225 125 400 0
275 125 400 0
325 125 400 0
375 125 400 0
425 125 400 0
475 125 400 0
-475 175 400 0
-425 175 400 0
-375 175 400 0
-325 175 400 0
-275 175 400 0
-225 175 400 0
-175 175 400 0
-125 175 400 0
-75 175 400 0
-25 175 400 0
25 175 400 0
75 175 400 0
125 175 400 0
175 175 400 0
225 175 400 0
275 175 400 0
325 175 400 0
375 175 400 0
425 175 400 0
475 175 400 0
-475 225 400 0
-425 225 400 0
-375 225 400 0
-325 225 400 0
-275 225 400 0
-225 225 400 0
-175 225 400 0
-125 225 400 0
-75 225 400 0
-25 225 400 0
25 225 400 0
75 225 400 0
125 225 400 0
175 225 400 0
225 225 400 0
275 225 400 0
325 225 400 0
375 225 400 0
425 225 400 0
475 225 400 0
-475 275 400 0
-425 275 400 0
-375 275 400 0
-325 275 400 0
-275 275 400 0
-225 275 400 0
-175 275 400 0
-125 275 400 0
-75 275 400 0
-25 275 400 0
25 275 400 0
75 275 400 0
125 275 400 0
175 275 400 0
225 275 400 0
275 275 400 0
325 275 400 0
375 275 400 0
425 275 400 0
475 275 400 0
-475 325 400 0
-425 325 400 0
-375 325 400 0
-325 325 400 0
-275 325 400 0
-225 325 400 0
-175 325 400 0
-125 325 400 0
-75 325 400 0
-25 325 400 0
25 325 400 0
75 325 400 0
125 325 400 0
175 325 400 0
225 325 400 0
275 325 400 0
325 325 400 0
375 325 400 0
425 325 400 0
475 325 400 0
-475 375 400 0
-425 375 400 0
-375 375 400 0
-325 375 400 0
-275 375 400 0
-225 375 400 0
-175 375 400 0
-125 375 400 0
-75 375 400 0
-25 375 400 0
25 375 400 0
75 375 400 0
125 375 400 0
175 375 400 0
225 375 400 0
275 375 400 0
325 375 400 0
375 375 400 0
425 375 400 0
475 375 400 0
-475 425 400 0
-425 425 400 0
-375 425 400 0
-325 425 400 0
-275 425 400 0
-225 425 400 0
-175 425 400 0
-125 425 400 0
-75 425 400 0
-25 425 400 0
25 425 400 0
75 425 400 0
125 425 400 0
175 425 400 0
225 425 400 0
275 425 400 0
325 425 400 0
375 425 400 0
425 425 400 0
475 425 400 0
-475 475 400 0
-425 475 400 0
-375 475 400 0
-325 475 400 0
-275 475 400 0
-225 475 400 0
-175 475 400 0
-125 475 400 0
-75 475 400 0
-25 475 400 0
25 475 400 0
75 475 400 0
125 475 400 0
175 475 400 0
225 475 400 0
275 475 400 0
325 475 400 0
375 475 400 0
425 475 400 0
475 475 400 0
-475 -475 450 0
-425 -475 450 0
-375 -475 450 0
-325 -475 450 0
-275 -475 450 0
-225 -475 450 0
-175 -475 450 0
-125 -475 450 0
-75 -475 450 0
-25 -475 450 0
25 -475 450 0
75 -475 450 0
125 -475 450 0
175 -475 450 0
225 -475 450 0
275 -475 450 0
325 -475 450 0
375 -475 450 0
425 -475 450 0
475 -475 450 0
-475 -425 450 0
-425 -425 450 0
-375 -425 450 0
-325 -425 450 0
-275 -425 450 0
-225 -425 450 0
-175 -425 450 0
-125 -425 450 0
-75 -425 450 0
-25 -425 450 0
25 -425 450 0
75 -425 450 0
125 -425 450 0
175 -425 450 0
225 -425 450 0
275 -425 450 0
325 -425 450 0
375 -425 450 0
425 -425 450 0
475 -425 450 0
-475 -375 450 0
-425 -375 450 0
-375 -375 450 0
-325 -375 450 0
-275 -375 450 0
-225 -375 450 0
-175 -375 450 0
-125 -375 450 0
-75 -375 450 0
-25 -375 450 0
25 -375 450 0
75 -375 450 0
125 -375 450 0
175 -375 450 0
225 -375 450 0
275 -375 450 0
325 -375 450 0
375 -375 450 0
425 -375 450 0
475 -375 450 0
-475 -325 450 0
-425 -325 450 0
-375 -325 450 0
-325 -325 450 0
-275 -325 450 0
-225 -325 450 0
-175 -325 450 0
-125 -325 450 0
-75 -325 450 0
-25 -325 450 0
25 -325 450 0
75 -325 450 0
125 -325 450 0
175 -325 450 0
225 -325 450 0
275 -325 450 0
325 -325 450 0
375 -325 450 0
425 -325 450 0
475 -325 450 0
-475 -275 450 0
-425 -275 450 0
-375 -275 450 0
-325 -275 450 0
-275 -275 450 0
-225 -275 450 0
-175 -275 450 0
-125 -275 450 0
-75 -275 450 0
-25 -275 450 0
25 -275 450 0
75 -275 450 0
125 -275 450 0
175 -275 450 0
225 -275 450 0
275 -275 450 0
325 -275 450 0
375 -275 450 0
425 -275 450 0
475 -275 450 0
-475 -225 450 0
-425 -225 450 0
-375 -225 450 0
-325 -225 450 0
-275 -225 450 0
-225 -225 450 0
-175 -225 450 0
-125 -225 450 0
-75 -225 450 0
-25 -225 450 0
25 -225 450 0
75 -225 450 0
125 -225 450 0
175 -225 450 0
225 -225 450 0
275 -225 450 0
325 -225 450 0
375 -225 450 0
425 -225 450 0
475 -225 450 0
-475 -175 450 0
-425 -175 450 0
-375 -175 450 0
-325 -175 450 0
-275 -175 450 0
-225 -175 450 0
-175 -175 450 0
-125 -175 450 0
-75 -175 450 0
-25 -175 450 0
25 -175 450 0
75 -175 450 0
125 -175 450 0
175 -175 450 0
225 -175 450 0
275 -175 450 0
325 -175 450 0
375 -175 450 0
425 -175 450 0
475 -175 450 0
-475 -125 450 0
-425 -125 450 0
-375 -125 450 0
-325 -125 450 0
-275 -125 450 0
-225 -125 450 0
-175 -125 450 0
-125 -125 450 0
-75 -125 450 0
-25 -125 450 0
25 -125 450 0
75 -125 450 0
125 -125 450 0
175 -125 450 0
225 -125 450 0
275 -125 450 0
325 -125 450 0
375 -125 450 0
425 -125 450 0
475 -125 450 0
-475 -75 450 0
-425 -75 450 0
-375 -75 450 0
-325 -75 450 0
-275 -75 450 0
-225 -75 450 0
-175 -75 450 0
-125 -75 450 0
-75 -75 450 0
-25 -75 450 0
25 -75 450 0
75 -75 450 0
125 -75 450 0
175 -75 450 0
225 -75 450 0
275 -75 450 0
325 -75 450 0
375 -75 450 0
425 -75 450 0
475 -75 450 0
-475 -25 450 0
-425 -25 450 0
-375 -25 450 0
-325 -25 450 0
-275 -25 450 0
-225 -25 450 0
-175 -25 450 0
-125 -25 450 0
-75 -25 450 0
-25 -25 450 0
25 -25 450 0
75 -25 450 0
125 -25 450 0
175 -25 450 0
225 -25 450 0
275 -25 450 0
325 -25 450 0
375 -25 450 0
425 -25 450 0
475 -25 450 0
-475 25 450 0
-425 25 450 0
-375 25 450 0
-325 25 450 0
-275 25 450 0
-225 25 450 0
-175 25 450 0
-125 25 450 0
-75 25 450 0
-25 25 450 0
25 25 450 0
75 25 450 0
125 25 450 0
175 25 450 0
225 25 450 0
275 25 450 0
325 25 450 0
375 25 450 0
425 25 450 0
475 25 450 0
-475 75 450 0
-425 75 450 0
-375 75 450 0
-325 75 450 0
-275 75 450 0
-225 75 450 0
-175 75 450 0
-125 75 450 0
-75 75 450 0
-25 75 450 0
25 75 450 0
75 75 450 0
125 75 450 0
175 75 450 0
225 75 450 0
275 75 450 0
325 75 450 0
375 75 450 0
425 75 450 0
475 75 450 0
-475 125 450 0
-425 125 450 0
-375 125 450 0
-325 125 450 0
-275 125 450 0
-225 125 450 0
-175 125 450 0
-125 125 450 0
-75 125 450 0
-25 125 450 0
25 125 450 0
75 125 450 0
125 125 450 0
175 125 450 0
225 125 450 0
275 125 450 0
325 125 450 0
375 125 450 0
425 125 450 0
475 125 450 0
-475 175 450 0
-425 175 450 0
-375 175 450 0
-325 175 450 0
-275 175 450 0
-225 175 450 0
-175 175 450 0
-125 175 450 0
-75 175 450 0
-25 175 450 0
25 175 450 0
75 175 450 0
125 175 450 0
175 175 450 0
225 175 450 0
275 175 450 0
325 175 450 0
375 175 450 0
425 175 450 0
475 175 450 0
-475 225 450 0
-425 225 450 0
-375 225 450 0
-325 225 450 0
-275 225 450 0
-225 225 450 0
-175 225 450 0
-125 225 450 0
-75 225 450 0
-25 225 450 0
25 225 450 0
75 225 450 0
125 225 450 0
175 225 450 0
225 225 450 0
275 225 450 0
325 225 450 0
375 225 450 0
425 225 450 0
475 225 450 0
-475 275 450 0
-425 275 450 0
-375 275 450 0
-325 275 450 0
-275 275 450 0
-225 275 450 0
-175 275 450 0
-125 275 450 0
-75 275 450 0
-25 275 450 0
25 275 450 0
75 275 450 0
125 275 450 0
175 275 450 0
225 275 450 0
275 275 450 0
325 275 450 0
375 275 450 0
425 275 450 0
475 275 450 0
-475 325 450 0
-425 325 450 0
-375 325 450 0
-325 325 450 0
-275 325 450 0
-225 325 450 0
-175 325 450 0
-125 325 450 0
-75 325 450 0
-25 325 450 0
25 325 450 0
75 325 450 0
125 325 450 0
175 325 450 0
225 325 450 0
275 325 450 0
325 325 450 0
375 325 450 0
425 325 450 0
475 325 450 0
-475 375 450 0
-425 375 450 0
-375 375 450 0
-325 375 450 0
-275 375 450 0
-225 375 450 0
-175 375 450 0
-125 375 450 0
-75 375 450 0
-25 375 450 0
25 375 450 0
75 375 450 0
125 375 450 0
175 375 450 0
225 375 450 0
275 375 450 0
325 375 450 0
375 375 450 0
425 375 450 0
475 375 450 0
-475 425 450 0
-425 425 450 0
-375 425 450 0
-325 425 450 0
-275 425 450 0
-225 425 450 0
-175 425 450 0
-125 425 450 0
-75 425 450 0
-25 425 450 0
25 425 450 0
75 425 450 0
125 425 450 0
175 425 450 0
225 425 450 0
275 425 450 0
325 425 450 0
375 425 450 0
425 425 450 0
475 425 450 0
-475 475 450 0
-425 475 450 0
-375 475 450 0
-325 475 450 0
-275 475 450 0
-225 475 450 0
-175 475 450 0
-125 475 450 0
-75 475 450 0
-25 475 450 0
25 475 450 0
75 475 450 0
125 475 450 0
175 475 450 0
225 475 450 0
275 475 450 0
325 475 450 0
375 475 450 0
425 475 450 0
475 475 450 0
-475 -475 500 0
-425 -475 500 0
-375 -475 500 0
-325 -475 500 0
-275 -475 500 0
-225 -475 500 0
-175 -475 500 0
-125 -475 500 0
-75 -475 500 0
-25 -475 500 0
25 -475 500 0
75 -475 500 0
125 -475 500 0
175 -475 500 0
225 -475 500 0
275 -475 500 0
325 -475 500 0
375 -475 500 0
425 -475 500 0
475 -475 500 0
-475 -425 500 0
-425 -425 500 0
-375 -425 500 0
-325 -425 500 0
-275 -425 500 0
-225 -425 500 0
-175 -425 500 0
-125 -425 500 0
-75 -425 500 0
-25 -425 500 0
25 -425 500 0
75 -425 500 0
125 -425 500 0
175 -425 500 0
225 -425 500 0
275 -425 500 0
325 -425 500 0
375 -425 500 0
425 -425 500 0
475 -425 500 0
-475 -375 500 0
-425 -375 500 0
-375 -375 500 0
-325 -375 500 0
-275 -375 500 0
-225 -375 500 0
-175 -375 500 0
-125 -375 500 0
-75 -375 500 0
-25 -375 500 0
25 -375 500 0
75 -375 500 0
125 -375 500 0
175 -375 500 0
225 -375 500 0
275 -375 500 0
325 -375 500 0
375 -375 500 0
425 -375 500 0
475 -375 500 0
-475 -325 500 0
-425 -325 500 0
-375 -325 500 0
-325 -325 500 0
-275 -325 500 0
-225 -325 500 0
-175 -325 500 0
-125 -325 500 0
-75 -325 500 0
-25 -325 500 0
25 -325 500 0
75 -325 500 0
125 -325 500 0
175 -325 500 0
225 -325 500 0
275 -325 500 0
325 -325 500 0
375 -325 500 0
425 -325 500 0
475 -325 500 0
-475 -275 500 0
-425 -275 500 0
-375 -275 500 0
-325 -275 500 0
-275 -275 500 0
-225 -275 500 0
-175 -275 500 0
-125 -275 500 0
-75 -275 500 0
-25 -275 500 0
25 -275 500 0
75 -275 500 0
125 -275 500 0
175 -275 500 0
225 -275 500 0
275 -275 500 0
325 -275 500 0
375 -275 500 0
425 -275 500 0
475 -275 500 0
-475 -225 500 0
-425 -225 500 0
-375 -225 500 0
-325 -225 500 0
-275 -225 500 0
-225 -225 500 0
-175 -225 500 0
-125 -225 500 0
-75 -225 500 0
-25 -225 500 0
25 -225 500 0
75 -225 500 0
125 -225 500 0
175 -225 500 0
225 -225 500 0
275 -225 500 0
325 -225 500 0
375 -225 500 0
425 -225 500 0
475 -225 500 0
-475 -175 500 0
-425 -175 500 0
-375 -175 500 0
-325 -175 500 0
-275 -175 500 0
-225 -175 500 0
-175 -175 500 0
-125 -175 500 0
-75 -175 500 0
-25 -175 500 0
25 -175 500 0
75 -175 500 0
125 -175 500 0
175 -175 500 0
225 -175 500 0
275 -175 500 0
325 -175 500 0
375 -175 500 0
425 -175 500 0
475 -175 500 0
-475 -125 500 0
-425 -125 500 0
-375 -125 500 0
-325 -125 500 0
-275 -125 500 0
-225 -125 500 0
-175 -125 500 0
-125 -125 500 0
-75 -125 500 0
-25 -125 500 0
25 -125 500 0
75 -125 500 0
125 -125 500 0
175 -125 500 0
225 -125 500 0
275 -125 500 0
325 -125 500 0
375 -125 500 0
425 -125 500 0
475 -125 500 0
-475 -75 500 0
-425 -75 500 0
-375 -75 500 0
-325 -75 500 0
-275 -75 500 0
-225 -75 500 0
-175 -75 500 0
-125 -75 500 0
-75 -75 500 0
-25 -75 500 0
25 -75 500 0
75 -75 500 0
125 -75 500 0
175 -75 500 0
225 -75 500 0
275 -75 500 0
325 -75 500 0
375 -75 500 0
425 -75 500 0
475 -75 500 0
-475 -25 500 0
-425 -25 500 0
-375 -25 500 0
-325 -25 500 0
-275 -25 500 0
-225 -25 500 0
-175 -25 500 0
-125 -25 500 0
-75 -25 500 0
-25 -25 500 0
25 -25 500 0
75 -25 500 0
125 -25 500 0
175 -25 500 0
225 -25 500 0
275 -25 500 0
325 -25 500 0
375 -25 500 0
425 -25 500 0
475 -25 500 0
-475 25 500 0
-425 25 500 0
-375 25 500 0
-325 25 500 0
-275 25 500 0
-225 25 500 0
-175 25 500 0
-125 25 500 0
-75 25 500 0
-25 25 500 0
25 25 500 0
75 25 500 0
125 25 500 0
175 25 500 0
225 25 500 0
275 25 500 0
325 25 500 0
375 25 500 0
425 25 500 0
475 25 500 0
-475 75 500 0
-425 75 500 0
-375 75 500 0
-325 75 500 0
-275 75 500 0
-225 75 500 0
-175 75 500 0
-125 75 500 0
-75 75 500 0
-25 75 500 0
25 75 500 0
75 75 500 0
125 75 500 0
175 75 500 0
225 75 500 0
275 75 500 0
325 75 500 0
375 75 500 0
425 75 500 0
475 75 500 0
-475 125 500 0
-425 125 500 0
-375 125 500 0
-325 125 500 0
-275 125 500 0
-225 125 500 0
-175 125 500 0
-125 125 500 0
-75 125 500 0
-25 125 500 0
25 125 500 0
75 125 500 0
125 125 500 0
175 125 500 0
225 125 500 0
275 125 500 0
325 125 500 0
375 125 500 0
425 125 500 0
475 125 500 0
-475 175 500 0
-425 175 500 0
-375 175 500 0
-325 175 500 0
-275 175 500 0
-225 175 500 0
-175 175 500 0
-125 175 500 0
-75 175 500 0
-25 175 500 0
25 175 500 0
75 175 500 0
125 175 500 0
175 175 500 0
225 175 500 0
275 175 500 0
325 175 500 0
375 175 500 0
425 175 500 0
475 175 500 0
-475 225 500 0
-425 225 500 0
-375 225 500 0
-325 225 500 0
-275 225 500 0
-225 225 500 0
-175 225 500 0
-125 225 500 0
-75 225 500 0
-25 225 500 0
25 225 500 0
75 225 500 0
125 225 500 0
175 225 500 0
225 225 500 0
275 225 500 0
325 225 500 0
375 225 500 0
425 225 500 0
475 225 500 0
-475 275 500 0
-425 275 500 0
-375 275 500 0
-325 275 500 0
-275 275 500 0
-225 275 500 0
-175 275 500 0
-125 275 500 0
-75 275 500 0
-25 275 500 0
25 275 500 0
75 275 500 0
125 275 500 0
175 275 500 0
225 275 500 0
275 275 500 0
325 275 500 0
375 275 500 0
425 275 500 0
475 275 500 0
-475 325 500 0
-425 325 500 0
-375 325 500 0
-325 325 500 0
-275 325 500 0
-225 325 500 0
-175 325 500 0
-125 325 500 0
-75 325 500 0
-25 325 500 0
25 325 500 0
75 325 500 0
125 325 500 0
175 325 500 0
225 325 500 0
275 325 500 0
325 325 500 0
375 325 500 0
425 325 500 0
475 325 500 0
-475 375 500 0
-425 375 500 0
-375 375 500 0
-325 375 500 0
-275 375 500 0
-225 375 500 0
-175 375 500 0
-125 375 500 0
-75 375 500 0
-25 375 500 0
25 375 500 0
75 375 500 0
125 375 500 0
175 375 500 0
225 375 500 0
275 375 500 0
325 375 500 0
375 375 500 0
425 375 500 0
475 375 500 0
-475 425 500 0
-425 425 500 0
-375 425 500 0
-325 425 500 0
-275 425 500 0
-225 425 500 0
-175 425 500 0
-125 425 500 0
-75 425 500 0
-25 425 500 0
25 425 500 0
75 425 500 0
125 425 500 0
175 425 500 0
225 425 500 0
275 425 500 0
325 425 500 0
375 425 500 0
425 425 500 0
475 425 500 0
-475 475 500 0
-425 475 500 0
-375 475 500 0
-325 475 500 0
-275 475 500 0
-225 475 500 0
-175 475 500 0
-125 475 500 0
-75 475 500 0
-25 475 500 0
25 475 500 0
75 475 500 0
125 475 500 0
175 475 500 0
225 475 500 0
275 475 500 0
325 475 500 0
375 475 500 0
425 475 500 0
475 475 500 0
